Project1.DEV.gamma=1234
Project1.DEV.gamma.createdAt=2024-03-26 15:04:26.7661406
Project1.DEV.gamma.lastModified=2024-03-26 15:04:26.7661406
