
Project1.DEV.gamma=1234
Project1.DEV.gamma.createdAt=2024-06-05 10:32:44.1704723
Project1.DEV.gamma.lastModified=2024-06-05 10:32:44.1704723
