Projectdefault.DEV.save=12344556
Projectdefault.DEV.save.createdAt=2024-06-24 14:00:32.967262
Projectdefault.DEV.save.lastModified=2024-06-24 14:00:32.967262
