
Project1.DEV.gamma=1234
Project1.DEV.gamma.createdAt=2024-06-11 11:14:54.2436982
Project1.DEV.gamma.lastModified=2024-06-11 11:14:54.2436982
Projectama.DEV.gamma=1234
