kljdfdf=1234
Projectdefault.DEV.delta=1234
Projectdefault.DEV.delta.createdAt=2024-06-21 10:59:32.9948819
Projectdefault.DEV.delta.lastModified=2024-06-21 10:59:32.9948819
Projectdefault.DEV.save=1234
Projectdefault.DEV.save.createdAt=2024-06-24 14:00:32.967262
