
Project1.DEV.gamma=1234567
Project1.DEV.gamma.createdAt=2024-05-08 15:17:18.0632492
Project1.DEV.gamma.lastModified=2024-05-08 15:17:18.0632492
Project1..gamma=
