
Project1.DEV.gamma=1234
Project1.DEV.gamma.createdAt=2024-06-05 10:59:11.2957928
Project1.DEV.gamma.lastModified=2024-06-05 10:59:11.2957928
