
Projectdefault.DEV.save=1234
Projectdefault.DEV.save.createdAt=2024-06-26 10:29:01.0076181
Projectdefault.DEV.save.lastModified=2024-06-26 10:29:01.0076181
