
Project1.DEV.gamma=1634
Project1.DEV.gamma.createdAt=2024-06-11 11:14:54.2436982
Project1.DEV.gamma.lastModified=2024-06-11 11:14:54.2436982
Projectama.DEV.gamma=1234
Projectama.DEV.gamma.createdAt=2024-06-12 13:56:48.3515753
Projectama.DEV.gamma.lastModified=2024-06-12 13:56:48.3515753
Projectama.DEV.amadeus123=123
Projectama.DEV.amadeus123.createdAt=2024-06-12 14:02:57.7433651
Projectama.DEV.amadeus123.lastModified=2024-06-12 14:02:57.7433651
Projectama.DEV.delta=1234
Projectama.DEV.delta.createdAt=2024-06-12 14:16:24.0561899
Projectama.DEV.delta.lastModified=2024-06-12 14:16:24.0561899
Projectama.DEV.lfjdofje=1234
Projectama.DEV.lfjdofje.createdAt=2024-06-12 14:22:55.9558676
Projectama.DEV.lfjdofje.lastModified=2024-06-12 14:22:55.9558676
