
Projectdefault.DEV.save=157860
Projectdefault.DEV.save.createdAt=2024-06-25 18:54:29.7572752
Projectdefault.DEV.save.lastModified=2024-06-25 18:54:29.7572752
