
Project1.DEV.gamma=1234
Project1.DEV.gamma.createdAt=2024-05-20 15:35:03.3948443
Project1.DEV.gamma.lastModified=2024-05-20 15:35:03.3948443
