
Project1.DEV.gamma=1234
Project1.DEV.gamma.createdAt=2024-06-11 11:14:54.2436982
Project1.DEV.gamma.lastModified=2024-06-11 11:14:54.2436982
Projectama.DEV.gamma=1234
Projectama.DEV.gamma.createdAt=2024-06-12 11:33:20.8511192
Projectama.DEV.gamma.lastModified=2024-06-12 10:55:42.5571383
