
Project1.DEV.gamma=1234
Project1.DEV.gamma.createdAt=2024-06-05 11:29:22.1596766
Project1.DEV.gamma.lastModified=2024-06-05 11:29:22.1596766
