Project1.DEV.gamma=1634
Project1.DEV.gamma.createdAt=2024-03-27 10:16:51.5949395
Project1.DEV.gamma.lastModified=2024-05-02 12:23:12.3815639
Project1.DEV.delta=1800
Project1.DEV.delta.createdAt=2024-05-02 15:58:47.6350177
Project1.DEV.delta.lastModified=2024-05-02 15:58:47.6350177
Project2.DEV.delta=1800
