
Projectdefault.DEV.save=1657
Projectdefault.DEV.save.createdAt=2024-07-24 12:13:36.4841568
Projectdefault.DEV.save.lastModified=2024-07-24 12:13:36.4841568
