
Project1.DEV.gamma=1234
Project1.DEV.gamma.createdAt=2024-03-26 14:36:43.8449475
Project1.DEV.gamma.lastModified=2024-03-26 14:36:43.8449475
