
Project1.DEV.gamma=1234
Project1.DEV.gamma.createdAt=2024-06-05 12:12:54.8686139
Project1.DEV.gamma.lastModified=2024-06-05 12:08:42.0501668
