
Projectgoogle.DEV.cos=1234
Projectgoogle.DEV.cos.createdAt=2024-06-19 15:07:25.5225162
Projectgoogle.DEV.cos.lastModified=2024-06-19 15:07:25.5225162
Projectamazon.DEV.save=1234
Projectamazon.DEV.save.createdAt=2024-06-20 12:02:50.4665397
Projectamazon.DEV.save.lastModified=2024-06-20 11:59:55.2356022
