
Project1.DEV.gamma=1234567899
Project1.DEV.gamma.createdAt=2024-06-11 11:14:54.2436982
Project1.DEV.gamma.lastModified=2024-06-11 11:14:54.2436982

Projectd.PDT.gamma=1234
Projectd.PDT.gamma.createdAt=2024-06-17 14:17:19.5244784
Projectd.PDT.gamma.lastModified=2024-06-17 14:17:19.5244784
Projecth.DEV.delta=1234
Projecth.DEV.delta.createdAt=2024-06-17 16:39:28.7457689
Projecth.DEV.delta.lastModified=2024-06-17 16:39:28.7457689
Projecth.DEV.gamma=1234
Projecth.DEV.gamma.createdAt=2024-06-18 17:22:50.4257454
Projecth.DEV.gamma.lastModified=2024-06-18 17:22:50.4257454
