Project1.DEV.gamma=1234
Project1.DEV.gamma.createdAt=2024-03-27 10:06:14.2447691
Project1.DEV.gamma.lastModified=2024-03-27 10:06:14.2447691
