
Project1.DEV.gamma=1234567899
Project1.DEV.gamma.createdAt=2024-06-11 11:14:54.2436982
Project1.DEV.gamma.lastModified=2024-06-11 11:14:54.2436982
Projectama.DEV.gamma=1234
Projectama.DEV.gamma.createdAt=2024-06-12 13:56:48.3515753
Projectama.DEV.gamma.lastModified=2024-06-12 13:56:48.3515753
Projectama.DEV.amadeus123=123
Projectama.DEV.amadeus123.createdAt=2024-06-12 14:02:57.7433651
Projectama.DEV.amadeus123.lastModified=2024-06-12 14:02:57.7433651
Projectama.DEV.delta=1234
Projectama.DEV.delta.createdAt=2024-06-12 14:16:24.0561899
Projectama.DEV.delta.lastModified=2024-06-12 14:16:24.0561899
Projectama.DEV.lfjdofje=1234
Projectama.DEV.lfjdofje.createdAt=2024-06-13 14:11:41.5251742
Projectama.DEV.lfjdofje.lastModified=2024-06-13 14:11:41.5251742
Projectdeepak.DEV.lfjdofje=1234
Projectdeepak.DEV.lfjdofje.createdAt=2024-06-12 16:43:29.1479757
Projectdeepak.DEV.lfjdofje.lastModified=2024-06-12 16:43:29.1479757
Projectdeepak.PDT.lfjdofje=2423434343343
Projectdeepak.PDT.lfjdofje.lastModified=2024-06-12 16:43:29.1479757
Projectama.PDT.lfjdofje=2423434343343
Projectama.PDT.lfjdofje.lastModified=2024-06-13 12:18:11.1050145
Projectama..lfjdofje=
Projectama..lfjdofje.lastModified=2024-06-13 14:11:41.5251742
Projectdeepak.DEV.gamma=1234
Projectdeepak.DEV.gamma.createdAt=2024-06-16 12:39:22.3459227
Projectdeepak.DEV.gamma.lastModified=2024-06-16 12:39:22.3459227
Projectkarthik.DEV.lfjdofje=1234
Projectkarthik.DEV.lfjdofje.createdAt=2024-06-16 14:45:40.7381335
Projectkarthik.DEV.lfjdofje.lastModified=2024-06-16 14:45:40.7381335
ProjectGoogle.DEV.delta=1234
