
Projectgoogle.DEV.cos=18889
Projectgoogle.DEV.cos.createdAt=2024-06-19 15:07:25.5225162
Projectgoogle.DEV.cos.lastModified=2024-06-19 15:07:25.5225162
