
Project1.DEV.gamma=1634
Project1.DEV.gamma.createdAt=2024-05-06 19:26:53.9088862
Project1.DEV.gamma.lastModified=2024-05-06 19:26:53.9088862
