Project1.DEV.gamma
Project1.DEV.gamma=1234
Project1.DEV.gamma.createdAt=2024-03-26 14:52:48.0088355
Project1.DEV.gamma.lastModified=2024-03-26 14:52:48.0088355
