
Project1.DEV.gamma=1634
Project1.DEV.gamma.createdAt=2024-06-06 11:05:18.7141112
Project1.DEV.gamma.lastModified=2024-06-06 11:05:18.7141112
