Project1.DEV.gamma=1634
Project1.DEV.gamma.createdAt=2024-03-27 10:16:51.5949395
Project1.DEV.gamma.lastModified=2024-05-02 12:00:57.2383001
