Project1.DEV.gamma=1234
Project1.DEV.gamma.createdAt=2024-03-26 15:02:03.0828638
Project1.DEV.gamma.lastModified=2024-03-26 15:02:03.0828638
