
Project1.DEV.gamma=1234
Project1.DEV.gamma.createdAt=2024-06-11 11:14:54.2436982
Project1.DEV.gamma.lastModified=2024-06-11 11:14:54.2436982
Projectama.DEV.gamma=1234
Projectama.DEV.gamma.createdAt=2024-06-12 13:56:48.3515753
Projectama.DEV.gamma.lastModified=2024-06-12 13:56:48.3515753
Projectama.DEV.amadeus123=123
Projectama.DEV.amadeus123.createdAt=2024-06-12 14:02:57.7433651
Projectama.DEV.amadeus123.lastModified=2024-06-12 14:02:57.7433651
Projectama.DEV.delta=1234
Projectama.DEV.delta.createdAt=2024-06-12 14:11:57.2540766
Projectama.DEV.delta.lastModified=2024-06-12 14:11:57.2540766
