Project1.DEV.gamma=1234
Project1.DEV.gamma.createdAt=2024-03-26 14:58:54.0989945
Project1.DEV.gamma.lastModified=2024-03-26 14:58:54.0989945
