
Project1.DEV.gamma=1234
Project1.DEV.gamma.createdAt=2024-06-05 11:29:22.1596766
Project1.DEV.gamma.lastModified=2024-06-05 11:29:22.1596766
Project1.DEV.anushka=shukla
Project1.DEV.anushka.createdAt=2024-06-05 11:34:31.4835509
Project1.DEV.anushka.lastModified=2024-06-05 11:34:31.4835509
Project1..=
Project1...createdAt=2024-06-05 12:08:42.0501668
