
Project1.DEV.gamma=1234
Project1.DEV.gamma.createdAt=2024-06-10 11:28:04.2447326
Project1.DEV.gamma.lastModified=2024-06-10 11:28:04.2447326
