Project1.DEV.gamma=1234
Project1.DEV.gamma.createdAt=2024-03-27 10:16:51.5949395
Project1.DEV.gamma.lastModified=2024-05-02 12:16:42.6632555
Project1.PDT.hgfdyujh=../?
Project1.PDT.hgfdyujh.createdAt=2024-05-02 12:23:12.3815639
Project1.PDT.hgfdyujh.lastModified=2024-05-02 12:23:12.3815639
